0   12.395307731854922   0.0013009509851950936
1   0.0014434526372490704   5.399277362612818e-05
2   0.0033115796435420506   7.441476229116817e-05
3   0.0016068751220861394   3.829966670058181e-05
4   0.0032449347766192647   5.6433091612368035e-05
5   0.0015811105386508949   2.988543948969848e-05
6   0.0030303689039663092   4.456562111864217e-05
7   0.001596997539777714   2.5823068896367266e-05
8   0.0028694033327064765   3.6085775809598805e-05
9   0.0015999527803578033   2.4450364096962766e-05
10   0.0026517681138094338   3.371610657346951e-05
11   0.001592985544656737   2.076564711704716e-05
12   0.0023969405860575967   2.8069448450439837e-05
13   0.0015422842236861045   1.8570996185837505e-05
14   0.00221437291692683   2.615920043251506e-05
15   0.0015744293700225168   1.8288565442210458e-05
16   0.002040777634800729   2.120583483755982e-05
17   0.0015847125257628036   1.684629710491479e-05
18   0.0018838625322290506   1.9651820684030772e-05
19   0.00157561605056038   1.668633894004529e-05
20   0.0017907777250877413   1.6954451283692924e-05
21   0.001598462019276569   1.5215565118446985e-05
22   0.0016754050175479453   1.5807323721827756e-05
23   0.0016132458948043074   1.4952397403194211e-05
