0   7.851044456826554   0.0060450245017879154
1   0.0015050647008797477   6.186116553397369e-05
2   0.733978352929681   0.0007763620574257893
3   0.0016063487668237593   3.997641609278347e-05
4   0.0048936540824669585   6.836663810940759e-05
5   0.0015280125074747075   3.128008522632559e-05
6   0.035297377231501094   0.000160215906669792
7   0.0016117593723287353   2.851146088340573e-05
8   0.006826601874434424   5.453340041406484e-05
9   0.0016152598580450983   2.5723533622222375e-05
10   0.006317815643708886   5.255902103459166e-05
11   0.0015903161430675594   2.278044580590366e-05
12   0.005861053011458005   4.432959274113356e-05
13   0.0015370678188002637   2.001513632107518e-05
14   0.002067167458582453   2.2038549451959315e-05
15   0.001598729446452351   1.9927241982261937e-05
16   0.0043818965607592755   3.142573388841255e-05
17   0.0015910827130397522   1.7451093681776515e-05
18   0.0015886863209960177   1.8243755924748054e-05
19   0.0015766529747716755   1.7204535289312984e-05
20   0.003223243175680166   2.4673140381400913e-05
21   0.0015745546568053015   1.5567581757098602e-05
22   0.001963244006170767   1.7380400416223734e-05
23   0.0017049706960400998   1.6717956078615053e-05
