0   11.760402433256088   0.003112917651116604
1   0.0014607242095869522   5.387934347498211e-05
2   0.045901707616958956   0.0002881665396910658
3   0.0016195991492796702   3.8706802388961337e-05
4   0.029293460473461097   0.00017753356795420443
5   0.0015667195557993972   2.967700363086317e-05
6   0.013432819476822856   9.97901200479609e-05
7   0.001596471024155537   2.5604244123994475e-05
8   0.0041596903129834314   4.5979508286146924e-05
9   0.001602143939165308   2.4952359644037866e-05
10   0.0015715493513426253   2.187606656521514e-05
11   0.0015925442905116826   2.1297873050715543e-05
12   0.0021652025121726513   2.5913906962740266e-05
13   0.0015435100695698563   1.8980366587159684e-05
14   0.002724300884894955   2.5029801960379743e-05
15   0.001576200423310002   1.8316983946433735e-05
16   0.002288715116343593   2.2183538192845827e-05
17   0.0015807821514949732   1.723942098643851e-05
18   0.0016970877880180416   1.7901121132838342e-05
19   0.0015799129984028892   1.6297785031081377e-05
20   0.0016743107693536921   1.6142621244708924e-05
21   0.0016022644290968296   1.4871092724136661e-05
22   0.0019007081211081425   1.7185628650482503e-05
23   0.0016331226022225898   1.5127300859875696e-05
