0   12.565509343420251   0.0003028123597850013
1   0.0014664522675111142   5.54811271197227e-05
2   0.0015436131228443936   4.396120483063269e-05
3   0.0016057641298206386   3.8049266179292056e-05
4   0.0015796700242755213   3.3558671453762985e-05
5   0.001589453859907585   3.0498414017982483e-05
6   0.0015186402247071187   2.643849094900701e-05
7   0.0016032173002085406   2.5920048755698364e-05
8   0.0015671106115717846   2.3670482285105077e-05
9   0.0016042057398492349   2.4587333780147622e-05
10   0.0015660837339513424   2.1509529920660918e-05
11   0.0015924502222984423   2.0656331686237283e-05
12   0.0015356252628084374   2.0583610839123894e-05
13   0.0015423090011665106   1.8411115568691322e-05
14   0.0015654285573813492   1.8308187875844674e-05
15   0.0015770473512770437   1.8477811826140718e-05
16   0.0015929400306638885   1.7364292623803435e-05
17   0.0015867572867038228   1.674851890084325e-05
18   0.001588846166674738   1.6820774176523152e-05
19   0.0015784583174235215   1.675921515215388e-05
20   0.0016206923970596067   1.5707707421462454e-05
21   0.0015918091956454816   1.5171412747335922e-05
22   0.0015924532306486109   1.4832531797387672e-05
23   0.001609283819796279   1.4918411593335728e-05
