 1.99372  0.937696  
 7.74682  0.929245  
 13.3775  0.918507  
 18.656  0.905612  
 25.7773  0.885852  
 35.3045  0.849371  
 45.5214  0.782517  
 55.886  0.649527  
 1.99372  1.86806  
 7.74682  1.81483  
 13.3775  1.76451  
 18.656  1.70293  
 25.7773  1.60766  
 35.3045  1.44368  
 45.5214  1.1714  
 45.5214  1.1714  
 1.99372  0.787597  
 7.74682  0.764087  
 13.3775  0.73576  
 18.656  0.703937  
 25.7773  0.653363  
 35.3045  0.562242  
 45.5214  0.410063  
 55.886  0.18512  
 1.99372  0.928831  
 7.74682  0.837225  
 13.3775  0.737093  
 18.656  0.629706  
 25.7773  0.463864  
 35.3045  0.185068  
 45.5214 -0.259327  
 55.886 -1.06657  
 1.99372  2.14585  
 7.74682  2.00129  
 13.3775  1.84334  
 18.656  1.66829  
 25.7773  1.39635  
 35.3045  0.936553  
 45.5214  0.202679  
 45.5214  0.202679  
