10.5 0.0460281 0.0271834 0.00654182
12.5 0.0515766 0.00997123 0.00733041
14.5 0.045171 0.00877824 0.00642001
16.5 0.046952 0.00514773 0.00667314
18.5 0.0352511 0.00873623 0.00501013
20.5 0.0469245 0.00285011 0.00666922
22.5 0.0473196 0.00227918 0.00672537
24.5 0.0468522 0.00202954 0.00665895
26.5 0.0478062 0.00172316 0.00679453
28.5 0.0469683 0.00171583 0.00667545
30.5 0.0475824 0.00160415 0.00676272
32.5 0.0484783 0.00152652 0.00689006
34.5 0.0450774 0.00197124 0.0064067
36.5 0.0472277 0.00181066 0.00671232
38.5 0.0466879 0.00203255 0.0066356
40.5 0.0435623 0.00275602 0.00619136
42.5 0.0464971 0.00253707 0.00660849
44.5 0.0483304 0.00257 0.00686904
46.5 0.0440256 0.00395054 0.00625721
48.5 0.0515802 0.00282967 0.00733092
