0.351 0.044953 0.000111 0.000674
0.449 0.059646 0.000112 0.000895
0.549 0.07387 0.00012 0.00111
0.694 0.09244 0.00009 0.00139
0.894 0.11532 0.00011 0.00173
1.09 0.13567 0.00014 0.00204
1.38 0.15889 0.00013 0.00238
1.76 0.18671 0.00020 0.00280
2.21 0.21085 0.00031 0.00316
2.71 0.22425 0.00049 0.00336
3.21 0.22622 0.00076 0.00339
3.72 0.21765 0.00115 0.00326
4.39 0.19291 0.00134 0.00289
5.42 0.15889 0.00240 0.00238
6.75 0.13088 0.00313 0.00196
8.82 0.08892 0.00606 0.00133
10.9 0.0872 0.0101 0.0013
13.5 0.0809 0.0120 0.0012
18.3 0.0604 0.0206 0.0009
