0.351198   0.04811   0.000236219
0.497854   0.067807   0.000160031
0.694824   0.0931912   0.00017998
0.937105   0.119771   0.000179637
1.23567   0.146513   0.000236355
1.5584   0.170629   0.000296565
1.93473   0.194178   0.000392696
2.42631   0.215004   0.000630606
3.03007   0.222043   0.000977321
3.75389   0.210605   0.00172021
4.54999   0.191774   0.00284376
5.4477   0.144267   0.00449285
6.50261   0.133216   0.00650311
7.75844   0.113459   0.00976365
9.14591   0.134927   0.0138755
0.351198   0.0468929   0.000236219
0.497854   0.0672176   0.000160031
0.694824   0.0931429   0.00017998
0.937105   0.120273   0.000179637
1.23567   0.147347   0.000236355
1.5584   0.172527   0.000296565
1.93473   0.197272   0.000392696
2.42631   0.218888   0.000630606
3.03007   0.225156   0.000977321
3.75389   0.212531   0.00172021
4.54999   0.193104   0.00284376
5.4477   0.147459   0.00449285
6.50261   0.144489   0.00650311
7.75844   0.115189   0.00976365
9.14591   0.119026   0.0138755
0.351198   0.0419849   0.000236219
0.497854   0.0639621   0.000160031
0.694824   0.0906674   0.00017998
0.937105   0.118716   0.000179637
1.23567   0.146371   0.000236355
1.5584   0.171977   0.000296565
1.93473   0.197391   0.000392696
2.42631   0.219373   0.000630606
3.03007   0.225171   0.000977321
3.75389   0.211   0.00172021
4.54999   0.193326   0.00284376
5.4477   0.143712   0.00449285
6.50261   0.135324   0.00650311
7.75844   0.109257   0.00976365
9.14591   0.114368   0.0138755
0.351198   0.0348816   0.000236219
0.497854   0.0559741   0.000160031
0.694824   0.0808755   0.00017998
0.937105   0.106839   0.000179637
1.23567   0.131646   0.000236355
1.5584   0.154963   0.000296565
1.93473   0.177347   0.000392696
2.42631   0.194985   0.000630606
3.03007   0.202252   0.000977321
3.75389   0.181911   0.00172021
4.54999   0.172943   0.00284376
5.4477   0.136059   0.00449285
6.50261   0.133716   0.00650311
7.75844   0.105555   0.00976365
9.14591   0.0927675   0.0138755
