0.351198   0.00889462   0.000236219
0.497854   0.0166771   0.000160031
0.694824   0.0266777   0.00017998
0.937105   0.0401629   0.000179637
1.23567   0.0543995   0.000236355
1.5584   0.0682972   0.000296565
1.93473   0.0854744   0.000392696
2.42631   0.103307   0.000630606
3.03007   0.110585   0.000977321
3.75389   0.10384   0.00172021
4.54999   0.0962758   0.00284376
5.4477   0.0692452   0.00449285
6.50261   0.0197609   0.00650311
7.75844   0.0636851   0.00976365
9.14591   0.0202496   0.0138755
0.351198   0.00780912   0.000236219
0.497854   0.0162014   0.000160031
0.694824   0.0265056   0.00017998
0.937105   0.039849   0.000179637
1.23567   0.0549397   0.000236355
1.5584   0.069347   0.000296565
1.93473   0.0863384   0.000392696
2.42631   0.109137   0.000630606
3.03007   0.112088   0.000977321
3.75389   0.109571   0.00172021
4.54999   0.102133   0.00284376
5.4477   0.0726942   0.00449285
6.50261   0.020579   0.00650311
7.75844   0.000575978   0.00976365
9.14591   0.0389617   0.0138755
0.351198   0.00921432   0.000236219
0.497854   0.0188288   0.000160031
0.694824   0.0295599   0.00017998
0.937105   0.0464496   0.000179637
1.23567   0.0642164   0.000236355
1.5584   0.0823997   0.000296565
1.93473   0.101505   0.000392696
2.42631   0.129318   0.000630606
3.03007   0.135455   0.000977321
3.75389   0.132809   0.00172021
4.54999   0.111311   0.00284376
5.4477   0.0715966   0.00449285
6.50261   -0.00431102   0.00650311
7.75844   0.0514306   0.00976365
9.14591   0.0512112   0.0138755
0.351198   6.57217e+07   0.000236219
0.497854   4.05645e+08   0.000160031
0.694824   5.22546e+08   0.00017998
0.937105   8.70686e+08   0.000179637
1.23567   7.33118e+08   0.000236355
1.5584   6.03459e+08   0.000296565
1.93473   4.35539e+08   0.000392696
2.42631   2.32079e+08   0.000630606
3.03007   9.88696e+07   0.000977321
3.75389   3.55771e+07   0.00172021
4.54999   1.11897e+07   0.00284376
5.4477   -80037.5   0.00449285
6.50261   -316068   0.00650311
7.75844   274390   0.00976365
9.14591   272088   0.0138755
