0  0  0.65003  0.0367163  0.00221828
0  1  0.877225  0.0401082  0.00164097
0  2  1.11223  0.0491472  0.00187048
0  3  1.357  0.0569267  0.00272984
0  4  1.6062  0.0656914  0.00428033
0  5  1.85823  0.0675957  0.00673402
0  6  2.19305  0.0586565  0.00809367
0  7  2.70389  0.0320779  0.014483
0  8  3.3921  0.0511102  0.0201575
0  9  4.4234  -0.0194213  0.0334479
1  0  0.651883  0.0356493  0.00292253
1  1  0.878849  0.0389818  0.00207608
1  2  1.11394  0.0498935  0.00229543
1  3  1.35671  0.062177  0.00325434
1  4  1.60639  0.0713294  0.00503146
1  5  1.85853  0.0739458  0.00755632
1  6  2.19294  0.0765681  0.0092807
1  7  2.70516  0.0787747  0.0171022
1  8  3.37381  0.033705  0.0227854
1  9  4.42358  -0.112598  0.0409168
2  0  0.654122  0.0335596  0.00334017
2  1  0.881269  0.0431872  0.00223207
2  2  1.11497  0.0509234  0.00237371
2  3  1.35882  0.0493047  0.00329503
2  4  1.60709  0.0612929  0.00493226
2  5  1.85828  0.0632323  0.00734556
2  6  2.19976  0.0685375  0.00856061
2  7  2.69983  0.0866687  0.0158734
2  8  3.37003  0.0336509  0.0223525
2  9  4.40856  -0.0659117  0.0421727
3  0  0.659823  0.0371878  0.00770149
3  1  0.884282  0.0345765  0.00468928
3  2  1.11799  0.0579258  0.00466339
3  3  1.36068  0.0576895  0.00610052
3  4  1.61047  0.0657842  0.00878354
3  5  1.86117  0.0667203  0.0124234
3  6  2.19858  0.0868112  0.0140869
3  7  2.70501  0.050305  0.0255078
3  8  3.37155  0.113738  0.0374234
3  9  4.45722  -0.00129354  0.0731483
