0   0.625   -0.431928   0.262777
0   0.875   -0.293986   0.0881326
0   1.125   -0.266163   0.0393629
0   1.375   -0.262391   0.0357393
0   1.625   -0.211917   0.0309919
0   1.875   -0.150923   0.0324173
0   2.25   -0.0990065   0.0245665
0   2.75   -0.0238433   0.072493
0   3.5   -0.025932   0.0861607
0   4.5   0.0453164   0.0815979
1   0.625   -0.156783   0.0641063
1   0.875   -0.0559264   0.242305
1   1.125   -0.0892227   0.0966039
1   1.375   -0.104543   0.0638649
1   1.625   -0.0837353   0.0381023
1   1.875   -0.0638959   0.0482742
1   2.25   -0.0333501   0.0264919
1   2.75   -0.0085677   0.0477894
1   3.5   0.3063   0.148507
1   4.5   1.23083   0.521587
2   0.625   0.149717   0.065345
2   0.875   0.164737   0.290531
2   1.125   0.135801   0.095632
2   1.375   0.157707   0.0683964
2   1.625   0.0762953   0.0402529
2   1.875   0.0637135   0.0405943
2   2.25   0.0460488   0.0260926
2   2.75   -0.0144475   0.0612046
2   3.5   0.0881358   0.0774742
2   4.5   -3.04132   2.79749
3   0.625   -0.478483   0.155136
3   0.875   0.152644   0.265174
3   1.125   -0.0231891   0.0853007
3   1.375   0.00715494   0.0552875
3   1.625   -0.0136382   0.0516096
3   1.875   0.0174362   0.0560661
3   2.25   -0.0371392   0.0470604
3   2.75   0.034815   0.060949
3   3.5   -0.124081   0.0834418
3   4.5   1.1219   0.664045
