1 0.0014891259625913029 0.00013861630160154733
2 0.005277225185689074 0.0004804206328735856
3 0.002577146031701968 0.00016337329483603153
4 0.004431009345854188 0.00031884721437562807
5 0.0021895622038743566 0.00011527814883459923
6 0.003556910423227121 0.00020329994954657472
7 0.0021371685683911623 0.00010037031361669807
8 0.002980115437727225 0.00018893067553090562
9 0.002030864333961439 8.178586401768615e-05
10 0.0024218582780566674 0.00013311696946972297
11 0.0019219371499484628 6.605209280341136e-05
12 0.0021370980675217213 0.00010570799933378824
13 0.001869084310858266 7.100067182065326e-05
14 0.001806745993146826 5.68394940068533e-05
15 0.0017680966965445428 5.202126240404715e-05
16 0.0017752417940312278 5.1673329904116705e-05
17 0.0016427165871996119 4.846520604328668e-05
18 0.0017129665779582598 4.300867171438655e-05
19 0.0017055711198607634 4.33916567153248e-05
20 0.0017058382542781481 4.599925237298375e-05
21 0.0015978586704994508 4.950471351355009e-05
22 0.0016630518791540846 4.6700223513380096e-05
23 0.001583212427997466 4.763503131365927e-05
