0.0010713712130262232
0.0013182826688268017
0.0014091838551294948
0.0014524749108913329
0.001493629033653692
0.001507243532647973
0.0015462435873216285
0.0015540227799945932
0.0015458073107828623
0.0015572841350047733
0.001591226721715981
0.0015727437561472361
0.0015820889552708953
0.0015751318892037688
0.0015977178338786049
0.0016041789753300747
0.0015942915488755848
0.001609923283157536
0.0016155437102848402
0.0016495734818730496
0.0016412224167933068
0.0016532949524768294
0.0016658341022451392
