 2.5  0.8776  0.7663  0.9889  
 7.5  0.9616  0.917  1.0062  
 15  1.0131  0.9871  1.0391  
 25  1.0019  0.9925  1.0113  
 35  1.0158  1.0096  1.022  
 45  0.9335  0.9295  0.9375  
 55  0.941  0.9365  0.9455  
 2.5  1.5337  1.359  1.7084  
 7.5  1.7145  1.6152  1.8138  
 15  1.8605  1.7858  1.9352  
 25  1.8624  1.8285  1.8963  
 35  1.8441  1.8154  1.8728  
 45  1.7083  1.6827  1.7339  
 55  1.6979  1.6523  1.7435  
 2.5  0.8589  0.6594  1.0584  
 7.5  0.8789  0.7495  1.0083  
 15  0.9595  0.8344  1.0846  
 25  0.9445  0.8847  1.0043  
 35  0.9348  0.8942  0.9754  
 45  0.9265  0.8957  0.9573  
 55  0.9285  0.8812  0.9758  
 2.5  1.1876  1.0223  1.3529  
 7.5  1.1038  0.9463  1.2613  
 15  0.9822  0.8223  1.1421  
 25  0.7984  0.7079  0.8889  
 35  0.856  0.764  0.948  
 45  0.7893  0.6925  0.8861  
 55  0.7866  0.6368  0.9364  
 2.5  3.0021  1.8117  4.1925  
 7.5  2.7239  1.8686  3.5792  
 15  2.5191  1.8384  3.1998  
 25  2.4526  2.1087  2.7965  
 35  2.283  2.0116  2.5544  
 45  2.3213  2.0497  2.5929  
 55  2.578  2.1575  2.9985  
