 1.99372  0.953919  
 7.74682  0.952884  
 13.3775  0.951696  
 18.656  0.951039  
 25.7773  0.950643  
 35.3045  0.948252  
 45.5214  0.937094  
 55.886  0.905546  
 1.99372  2.01311  
 7.74682  1.98861  
 13.3775  1.95399  
 18.656  1.91869  
 25.7773  1.86927  
 35.3045  1.78707  
 45.5214  1.66709  
 45.5214  1.66709  
 1.99372  0.922554  
 7.74682  0.907217  
 13.3775  0.896089  
 18.656  0.89584  
 25.7773  0.898065  
 35.3045  0.886214  
 45.5214  0.853598  
 55.886  0.783044  
 1.99372  1.48143  
 7.74682  1.4416  
 13.3775  1.39844  
 18.656  1.36135  
 25.7773  1.30629  
 35.3045  1.2154  
 45.5214  1.09238  
 55.886  0.922732  
 1.99372  2.64125  
 7.74682  2.59416  
 13.3775  2.52478  
 18.656  2.47026  
 25.7773  2.38155  
 35.3045  2.20199  
 45.5214  1.93305  
 45.5214  1.93305  
