0  0  1  0  0  0  135  120  128  128  128  116  6  0
0  1  6  1  5  0  297  272  304  277  254  233  36  7
0  2  20  13  20  2  301  287  334  311  238  246  42  16
0  3  25  20  25  4  186  159  212  210  141  144  20  7
0  4  25  20  26  6  76  101  154  100  60  81  6  5
0  5  21  19  20  4  39  35  72  67  27  25  6  4
0  6  23  11  19  4  27  22  64  43  11  12  4  2
0  7  5  10  11  1  16  4  20  27  8  3  3  1
0  8  8  4  5  1  6  3  16  11  2  2  1  0
0  9  0  2  0  0  0  2  2  2  0  0  0  1
1  0  0  1  1  0  66  67  68  67  61  59  0  5
1  1  9  7  6  0  206  202  211  219  177  176  6  10
1  2  35  12  19  2  270  182  233  290  230  153  11  15
1  3  39  31  39  5  165  157  231  206  141  118  11  19
1  4  30  27  38  4  71  80  151  103  52  51  3  12
1  5  19  14  18  6  46  38  76  65  28  15  2  9
1  6  30  28  34  11  31  30  94  70  18  16  1  3
1  7  8  7  17  2  6  13  39  15  2  5  0  0
1  8  5  7  10  1  7  6  21  15  2  2  0  1
1  9  1  1  3  0  1  2  6  2  0  0  0  1
2  0  4  1  0  0  40  59  69  36  34  52  2  1
2  1  6  8  8  2  159  147  167  164  126  134  4  2
2  2  33  33  49  7  218  272  350  265  143  227  36  18
2  3  63  61  44  8  169  193  299  242  117  134  24  18
2  4  70  58  75  11  97  114  265  166  61  75  6  6
2  5  53  45  36  14  57  54  143  118  26  30  4  2
2  6  63  44  75  19  28  44  183  92  8  20  6  3
2  7  19  17  31  5  14  13  66  34  5  4  2  3
2  8  10  8  17  2  7  11  38  17  2  2  1  1
2  9  1  3  1  0  1  0  2  4  0  0  1  0
3  0  0  0  0  1  9  16  16  10  9  13  0  0
3  1  5  7  1  0  46  50  57  52  41  44  1  1
3  2  19  17  21  3  51  80  120  71  41  70  6  3
3  3  34  38  36  4  38  41  112  79  28  29  2  4
3  4  26  26  40  7  31  40  108  64  21  23  1  5
3  5  29  30  25  4  19  25  78  54  8  11  2  6
3  6  29  25  35  4  14  18  84  43  3  9  2  2
3  7  20  6  15  3  6  5  40  15  1  0  0  3
3  8  5  2  11  2  4  3  19  8  2  0  2  1
3  9  1  2  2  0  0  0  3  3  0  0  0  0
