0   0.625   0.00898711   1.34021e-05
0   0.875   0.0131509   0.000288982
0   1.125   0.0153424   0.000340836
0   1.375   0.0172865   0.000445939
0   1.625   0.0185632   0.000667961
0   1.875   0.0202009   0.0010718
0   2.25   0.0154588   0.00144347
0   2.75   0.0188681   0.00335874
0   3.5   0.0145498   0.00619284
0   4.5   0.00425056   0.0274645
1   0.625   0.026583   0.000934009
1   0.875   0.0337234   0.000377809
1   1.125   0.0387086   0.000413688
1   1.375   0.0437436   0.00052496
1   1.625   0.0422157   0.000773649
1   1.875   0.0438167   0.00120891
1   2.25   0.0432651   0.00158039
1   2.75   0.0517719   0.00352745
1   3.5   0.0434264   0.00628589
1   4.5   0.726934   0.00193046
2   0.625   0.0395195   0.000577997
2   0.875   0.0511145   0.000470829
2   1.125   0.0583727   0.000474954
2   1.375   0.0615282   0.000579884
2   1.625   0.0643297   0.00082957
2   1.875   0.0649892   0.00126689
2   2.25   0.0635702   0.00159711
2   2.75   0.0676947   0.00343003
2   3.5   0.0529627   0.00589364
2   4.5   0.0868173   0.0282194
3   0.625   0.0327181   1.99721e-08
3   0.875   0.0468873   0.00111122
3   1.125   0.0486066   0.00100537
3   1.375   0.051225   0.00117508
3   1.625   0.0519825   0.00163014
3   1.875   0.0553428   0.00239719
3   2.25   0.0556054   0.0029091
3   2.75   0.0501056   0.00579985
3   3.5   0.0318322   0.00934671
3   4.5   0.338637   0.066155
