0   0.625   -0.172037   -0.2019   0.00917354   0.0149964
0   0.875   -0.12708   -0.0473995   0.0138615   0.00661372
0   1.125   -0.0235608   -0.00839488   0.0157379   0.00358324
0   1.375   0.0172358   0.00648831   0.0172873   0.00333492
0   1.625   0.0233316   0.0055575   0.0184065   0.00312963
0   1.875   0.0172272   0.00637564   0.0203587   0.00361969
0   2.25   0.0339775   0.00745051   0.0143365   0.00276927
0   2.75   -0.013665   -0.0206327   0.021445   0.00711963
0   3.5   -0.094675   -0.0268413   0.0336006   0.0114932
0   4.5   0   0   0   0
1   0.625   0.0467567   0   0.026583   0
1   0.875   -0.0269318   -0.0163842   0.0339602   0.0126652
1   1.125   0.0179243   0.00864252   0.0389379   0.00729302
1   1.375   0.0329311   0.0073071   0.0440296   0.00626738
1   1.625   0.0450872   0.00754306   0.0420468   0.00578999
1   1.875   0.0456834   0.0118962   0.0437039   0.00864754
1   2.25   0.0606224   0.00881417   0.0418571   0.00512029
1   2.75   0.053876   0.0147382   0.0514802   0.00868432
1   3.5   -0.607309   -0.199285   0.100012   0.0277734
1   4.5   -0.142444   -0.231648   0.783023   0.253274
2   0.625   -0.0116272   0   0.0395195   0
2   0.875   -0.0424277   -0.0234058   0.051796   0.020457
2   1.125   0.0502546   0.00912549   0.0585067   0.00824027
2   1.375   0.060863   0.0084228   0.0615486   0.00708338
2   1.625   0.0745276   0.00692613   0.0637901   0.00520959
2   1.875   0.0872164   0.0100167   0.0633391   0.00684244
2   2.25   0.0770996   0.00663374   0.0621215   0.00399486
2   2.75   0.113992   0.0158221   0.0620984   0.00837574
2   3.5   0.0740997   0.0248986   0.0483199   0.0123053
2   4.5   1.49763   1.05167   -0.727114   -0.544547
3   0.625   0   0   0   0
3   0.875   0.0580732   0.039425   0.046808   0.0270874
3   1.125   0.0358208   0.0100967   0.0488718   0.00855202
3   1.375   0.0633946   0.00831842   0.0506692   0.00556174
3   1.625   0.0599047   0.00959248   0.0512921   0.00599282
3   1.875   0.0472483   0.0110789   0.0561712   0.00678253
3   2.25   0.0638268   0.010954   0.054824   0.00572278
3   2.75   0.0801689   0.0298048   0.0451933   0.0102073
3   3.5   0.0589426   0.0349342   0.0291801   0.0124214
3   4.5   0.143323   0   0.373104   0
