0 12.450756285199805 0.0007559292977638348
1 0.0029774375717460224 0.00023335152203016022
2 1.7050559076249823 0.004466743834345739
3 0.0030597949267562523 0.0001673337291141433
4 0.27061023277719903 0.0017177594327035565
5 0.0024653858719873335 0.00012773384762857214
6 0.016795524708195644 0.0003787603082549706
7 0.0022615571728450373 0.00010100567547436168
8 0.012060977405379007 0.0002584909298747016
9 0.002142471461611127 8.550953749332e-05
10 0.03755762903265875 0.00036446443351485764
11 0.0020084894623827567 6.625091018065168e-05
12 0.046840062563080626 0.00038161465648803294
13 0.0019716582614027795 7.324981403170787e-05
14 0.03950999307495222 0.0003471441396929298
15 0.001841111332662317 5.259498259498928e-05
16 0.026246459367111678 0.0002759124652769467
17 0.00171882225481981 4.905358947857992e-05
18 0.01413145857240466 0.00021871341648157586
19 0.0018055533854314998 4.652723338584184e-05
20 0.007036574559708437 0.00013920069916920433
21 0.0017042657148639462 5.3358908034901014e-05
22 0.0033991874867758064 8.11148087233869e-05
23 0.0016606568390684028 5.266897389854738e-05
