0   0   0   0
0   1   5.84924e-15   3.96993e-08
0   2   0.0858123   0.100135
0   3   0.239741   0
0   4   6.22253e-09   1.83804e-05
0   5   0.04759   0
0   6   6.51464e-10   1.26966e-05
0   7   0   0
0   8   0   0
0   9   0   0
1   0   6.41502e-15   4.35393e-08
1   1   0.199977   0.113481
1   2   6.90733e-08   1.82253e-05
1   3   1.01735e-06   0.000594795
1   4   0.00118059   0.0312124
1   5   82.8054   0
1   6   0   0
1   7   0   0
1   8   0   0
1   9   0   0
2   0   0   0
2   1   0.0770495   0
2   2   0   0
2   3   0   0
2   4   0   0
2   5   0   0
2   6   0   0
2   7   0   0
2   8   0   0
2   9   0   0
3   0   0   0
3   1   0   0
3   2   0   0
3   3   0   0
3   4   0   0
3   5   0   0
3   6   0   0
3   7   0   0
3   8   0   0
3   9   0   0
