1   0.003960252597508445   3.607689410643938e-05
3   0.004031018843553416   2.417208333094187e-05
5   0.004081537197851176   1.9442515928236735e-05
7   0.004029620757888745   1.6622518650940817e-05
9   0.004022944296023806   1.4588805893235422e-05
11   0.004084257196283796   1.3602678701368502e-05
13   0.004053897949119109   1.231189301011553e-05
15   0.004056273087486465   1.1345797015062844e-05
17   0.004085624093964264   1.084923013754708e-05
19   0.004107161354965762   1.0496749395359204e-05
21   0.004149264085414609   1.0077635009591687e-05
23   0.0042377663803685765   9.943580184581572e-06
