1 0.0029774375717460224 0.00023335152203016022
3 0.0030597949267562523 0.0001673337291141433
5 0.0024653858719873335 0.00012773384762857214
7 0.0022615571728450373 0.00010100567547436168
9 0.002142471461611127 8.550953749332e-05
11 0.0020084894623827567 6.625091018065168e-05
13 0.0019716582614027795 7.324981403170787e-05
15 0.001841111332662317 5.259498259498928e-05
17 0.00171882225481981 4.905358947857992e-05
19 0.0018055533854314998 4.652723338584184e-05
21 0.0017042657148639462 5.3358908034901014e-05
23 0.0016606568390684028 5.266897389854738e-05
