0  5
0.351 0.011801 0.000094 0.000270
0.449 0.016196 0.000094 0.000371
0.549 0.020209 0.000098 0.000303
0.694 0.025271 0.000078 0.000379
0.894 0.031492 0.000093 0.000472
1.09 0.037336 0.000111 0.000560
1.38 0.043730 0.000103 0.000656
1.76 0.051548 0.000158 0.000773
2.21 0.060301 0.000245 0.000905
2.71 0.065655 0.000399 0.000985
3.21 0.06829 0.00065 0.00102
3.71 0.07003 0.00102 0.00105
4.38 0.06055 0.00128 0.00091
5.41 0.04444 0.00248 0.00067
6.75 0.02895 0.00335 0.00043
8.83 0.03602 0.00643 0.00054
10.9 0.0208 0.0104 0.0003
13.6 0.0196 0.0126 0.0003
18.3 0.0020 0.0206 0.0000
5  10
0.351 0.020086 0.000078 0.000460
0.449 0.026822 0.000078 0.000615
0.549 0.033521 0.000082 0.000503
0.694 0.041980 0.000065 0.000630
0.894 0.052382 0.000077 0.000786
1.09 0.062105 0.000092 0.000932
1.38 0.07350 0.00009 0.00110
1.76 0.08753 0.00013 0.00131
2.21 0.10207 0.00020 0.00153
2.71 0.11434 0.00033 0.00172
3.21 0.11930 0.00053 0.00179
3.71 0.11908 0.00083 0.00179
4.38 0.11015 0.00102 0.00165
5.41 0.08954 0.00195 0.00134
6.76 0.06525 0.00262 0.00098
8.82 0.04816 0.00506 0.00072
10.9 0.03747 0.00818 0.00056
13.6 0.02941 0.00996 0.00044
18.3 0.0280 0.0164 0.0004
10  15
0.351 0.027008 0.000077 0.000405
0.449 0.036216 0.000077 0.000543
0.549 0.044779 0.000081 0.000672
0.694 0.056155 0.000064 0.000842
0.894 0.07023 0.00008 0.00105
1.09 0.08285 0.00009 0.00124
1.38 0.09782 0.00009 0.00147
1.76 0.11667 0.00013 0.00175
2.21 0.13555 0.00020 0.00203
2.71 0.14944 0.00033 0.00224
3.21 0.15633 0.00052 0.00234
3.72 0.15386 0.00081 0.00231
4.38 0.14027 0.00099 0.00210
5.41 0.11265 0.00186 0.00169
6.75 0.08185 0.00248 0.00123
8.82 0.06042 0.00474 0.00091
10.9 0.05869 0.00773 0.00088
13.5 0.02522 0.00943 0.00038
18.3 0.0301 0.0159 0.0005
15  20
0.351 0.032697 0.000082 0.000490
0.449 0.043779 0.000082 0.000657
0.549 0.053943 0.000086 0.000809
0.694 0.06787 0.00007 0.00102
0.894 0.08481 0.00008 0.00127
1.09 0.10013 0.00010 0.00150
1.38 0.11791 0.00009 0.00177
1.76 0.14005 0.00014 0.00210
2.21 0.16173 0.00022 0.00243
2.71 0.17754 0.00035 0.00266
3.21 0.18419 0.00055 0.00276
3.72 0.17995 0.00085 0.00270
4.39 0.16216 0.00102 0.00243
5.41 0.13000 0.00190 0.00195
6.75 0.09912 0.00252 0.00149
8.82 0.08184 0.00485 0.00123
10.9 0.07037 0.00798 0.00106
13.6 0.04481 0.00974 0.00067
18.3 0.0600 0.0159 0.0009
20  25
0.351 0.037462 0.000089 0.000562
0.449 0.050114 0.000089 0.000752
0.549 0.062174 0.000094 0.000933
0.694 0.07764 0.00007 0.00116
0.894 0.09693 0.00009 0.00145
1.09 0.11422 0.00011 0.00171
1.38 0.13467 0.00010 0.00202
1.76 0.15937 0.00016 0.00239
2.21 0.18226 0.00024 0.00273
2.71 0.19840 0.00038 0.00298
3.21 0.20298 0.00060 0.00304
3.72 0.19586 0.00092 0.00294
4.39 0.17770 0.00110 0.00267
5.41 0.14400 0.00202 0.00216
6.75 0.10790 0.00265 0.00162
8.82 0.08087 0.00515 0.00121
10.9 0.07413 0.00841 0.00111
13.5 0.0769 0.0105 0.0012
18.3 0.0369 0.0167 0.0006
25  30
0.351 0.041444 0.000098 0.000622
0.449 0.055429 0.000099 0.000831
0.549 0.06868 0.00010 0.00103
0.694 0.08575 0.00008 0.00129
0.894 0.10715 0.00010 0.00161
1.09 0.12598 0.00012 0.00189
1.38 0.14793 0.00011 0.00222
1.76 0.17508 0.00018 0.00263
2.21 0.19871 0.00027 0.00298
2.71 0.21360 0.00043 0.00320
3.21 0.21798 0.00067 0.00327
3.72 0.20850 0.00102 0.00313
4.39 0.18761 0.00120 0.00281
5.41 0.14769 0.00217 0.00222
6.76 0.11795 0.00286 0.00177
8.82 0.09195 0.00544 0.00138
10.9 0.07399 0.00902 0.00111
13.5 0.0646 0.0111 0.0010
18.2 0.0452 0.0184 0.0007
30  35
0.351 0.044953 0.000111 0.000674
0.449 0.059646 0.000112 0.000895
0.549 0.07387 0.00012 0.00111
0.694 0.09244 0.00009 0.00139
0.894 0.11532 0.00011 0.00173
1.09 0.13567 0.00014 0.00204
1.38 0.15889 0.00013 0.00238
1.76 0.18671 0.00020 0.00280
2.21 0.21085 0.00031 0.00316
2.71 0.22425 0.00049 0.00336
3.21 0.22622 0.00076 0.00339
3.72 0.21765 0.00115 0.00326
4.39 0.19291 0.00134 0.00289
5.42 0.15889 0.00240 0.00238
6.75 0.13088 0.00313 0.00196
8.82 0.08892 0.00606 0.00133
10.9 0.0872 0.0101 0.0013
13.5 0.0809 0.0120 0.0012
18.3 0.0604 0.0206 0.0009
35  40
0.351 0.047044 0.000127 0.000706
0.449 0.062887 0.000128 0.000943
0.549 0.07761 0.00014 0.00116
0.694 0.09774 0.00011 0.00147
0.893 0.12157 0.00013 0.00182
1.09 0.14271 0.00016 0.00214
1.38 0.16686 0.00015 0.00250
1.76 0.19519 0.00023 0.00293
2.21 0.21780 0.00036 0.00327
2.71 0.22984 0.00057 0.00345
3.22 0.22913 0.00088 0.00344
3.72 0.21898 0.00131 0.00328
4.39 0.19463 0.00151 0.00292
5.42 0.15595 0.00268 0.00234
6.75 0.12805 0.00350 0.00192
8.82 0.10115 0.00673 0.00152
10.9 0.0760 0.0110 0.0011
13.6 0.0803 0.0139 0.0012
18.2 0.0850 0.0234 0.0013
40  50
0.350 0.049499 0.000114 0.000742
0.449 0.066367 0.000116 0.000996
0.549 0.08212 0.00012 0.00123
0.694 0.10275 0.00010 0.00154
0.893 0.12792 0.00012 0.00192
1.09 0.14942 0.00015 0.00224
1.38 0.17434 0.00014 0.00262
1.76 0.20176 0.00022 0.00303
2.21 0.22257 0.00033 0.00334
2.71 0.23124 0.00052 0.00347
3.22 0.22549 0.00080 0.00338
3.72 0.21498 0.00118 0.00322
4.40 0.19176 0.00135 0.00288
5.42 0.15262 0.00237 0.00229
6.76 0.13171 0.00309 0.00198
8.81 0.09643 0.00599 0.00145
10.8 0.0832 0.0101 0.0012
13.6 0.0658 0.0127 0.0010
18.2 0.0553 0.0215 0.0008
50  60
0.350 0.050499 0.000179 0.000757
0.449 0.06781 0.00018 0.00102
0.549 0.08387 0.00020 0.00126
0.694 0.10501 0.00016 0.00158
0.893 0.13108 0.00020 0.00197
1.09 0.15249 0.00024 0.00229
1.38 0.17602 0.00023 0.00264
1.76 0.19987 0.00036 0.00300
2.21 0.21650 0.00053 0.00325
2.71 0.21921 0.00084 0.00329
3.22 0.21236 0.00127 0.00319
3.72 0.19793 0.00185 0.00297
4.40 0.17869 0.00208 0.00268
5.42 0.14765 0.00362 0.00221
6.75 0.13477 0.00468 0.00202
8.81 0.10524 0.00907 0.00158
10.9 0.0773 0.0153 0.0012
13.5 0.0612 0.0191 0.0009
18.3 0.0699 0.0338 0.0010
60  70
0.350 0.047739 0.000339 0.000716
0.449 0.064384 0.000349 0.000966
0.549 0.08056 0.00038 0.00121
0.693 0.10096 0.00031 0.00151
0.893 0.12581 0.00038 0.00189
1.09 0.14639 0.00048 0.00220
1.38 0.16729 0.00046 0.00251
1.76 0.18685 0.00071 0.00280
2.21 0.19637 0.00106 0.00295
2.72 0.19745 0.00164 0.00296
3.22 0.18553 0.00246 0.00278
3.72 0.18218 0.00354 0.00273
4.40 0.16568 0.00395 0.00249
5.42 0.14984 0.00682 0.00225
6.75 0.11994 0.00882 0.00180
8.81 0.1117 0.0173 0.0017
10.9 0.0992 0.0297 0.0015
13.6 0.0581 0.0373 0.0009
18.2 0.0535 0.0645 0.0008
70  80
0.350 0.041136 0.000853 0.000943
0.449 0.05622 0.00089 0.00129
0.548 0.06980 0.00097 0.00160
0.693 0.08902 0.00080 0.00204
0.892 0.11153 0.00100 0.00256
1.09 0.12790 0.00126 0.00293
1.38 0.14733 0.00121 0.00338
1.76 0.16484 0.00188 0.00378
2.21 0.17458 0.00279 0.00400
2.72 0.18282 0.00431 0.00419
3.22 0.17906 0.00639 0.00410
3.72 0.17672 0.00913 0.00405
4.40 0.1595 0.0101 0.0037
5.42 0.1503 0.0173 0.0034
6.75 0.1628 0.0226 0.0037
8.81 0.1899 0.0450 0.0044
10.8 0.1595 0.0756 0.0037
13.6 0.1448 0.0993 0.0033
18.2 0.0535 0.0645 0.0008
