0  5
0.35    -0.00250 0.001611        0.001656
0.45    -0.00340        0.001603        0.001311
0.55    -0.00130        0.001682        0.000500
0.69    -0.00240 0.001331        0.000930
0.89    -0.00010 0.001592        0.000016
1.09    -0.00250 0.001928        0.000665
1.38    -0.00300 0.001771        0.000816
1.76    -0.00370 0.002696        0.001000
2.21    -0.01610 0.004135        0.004339
2.71    -0.01800 0.006709        0.004838
3.21    -0.00170        0.010758        0.000467
3.71    -0.03080 0.016824        0.008306
4.38    -0.02120 0.020783        0.005726
5.41    -0.07100        0.039813        0.019132
6.76    -0.10500 0.053577        0.028299
5  10
0.35	0.00250	0.001611	0.001656
0.45	-0.00340	0.001603	0.001311
0.55	-0.00130	0.001682	0.000500
0.69	0.00240	0.001331	0.000930
0.89	0.00010	0.001592	0.000016
1.09	0.00250	0.001928	0.000665
1.38	0.00300	0.001771	0.000816
1.76	0.00370	0.002696	0.001000
2.21	0.01610	0.004135	0.004339
2.71	0.01800	0.006709	0.004838
3.21	-0.00170	0.010758	0.000467
3.71	0.03080	0.016824	0.008306
4.38	0.02120	0.020783	0.005726
5.41	-0.07100	0.039813	0.019132
6.76	0.10500	0.053577	0.028299
10  15
0.35	-0.00150	0.001570	0.000807
0.45	-0.00440	0.001565	0.001614
0.55	0.00330	0.001643	0.001199
0.69	-0.00030	0.001300	0.000095
0.89	0.00110	0.001556	0.000382
1.09	0.00270	0.001883	0.000965
1.38	0.00620	0.001737	0.002208
1.76	0.00910	0.002640	0.003229
2.21	0.00880	0.004023	0.003116
2.71	0.01580	0.006496	0.005580
3.21	0.02500	0.010356	0.008859
3.72	0.02380	0.016051	0.008410
4.38	-0.00320	0.019627	0.001116
5.41	-0.00630	0.037243	0.002241
6.75	-0.02840	0.049913	0.010043
15  20
0.35	0.00020	0.001891	0.000121
0.45	0.00020	0.001889	0.000072
0.55	-0.00030	0.001985	0.000115
0.69	0.00320	0.001573	0.001155
0.89	0.00270	0.001883	0.000945
1.09	0.00160	0.002281	0.000567
1.38	0.00810	0.002108	0.002854
1.76	0.00890	0.003204	0.003135
2.21	0.01380	0.004864	0.004879
2.71	0.01150	0.007828	0.004085
3.21	0.03720	0.012389	0.013159
3.72	0.03040	0.019067	0.010746
4.39	0.02300	0.023069	0.008127
5.41	-0.06580	0.043288	0.023258
6.75	-0.01180	0.057674	0.004180
20  25
0.35	-0.00190	0.002138	0.001037
0.45	0.00080	0.002139	0.000303
0.55	0.00130	0.002252	0.000458
0.69	0.00070	0.001786	0.000263
0.89	0.00440	0.002142	0.001554
1.09	0.00510	0.002596	0.001792
1.38	0.00630	0.002406	0.002214
1.76	0.01060	0.003662	0.003732
2.21	0.02400	0.005547	0.008505
2.71	0.04150	0.008888	0.014681
3.21	0.00730	0.013996	0.002568
3.72	0.02080	0.021384	0.007348
4.39	0.05490	0.025714	0.019436
5.41	0.00190	0.047583	0.000689
6.75	0.08570	0.062931	0.030315
25  30
0.35	0.00270	0.002898	0.001443
0.45	-0.00340	0.002905	0.001233
0.55	0.00010	0.003063	0.000022
0.69	-0.00130	0.002435	0.000486
0.89	-0.00050	0.002924	0.000171
1.09	0.00360	0.003545	0.001275
1.38	0.01140	0.003298	0.004017
1.76	0.00880	0.005026	0.003130
2.21	0.00680	0.007590	0.002411
2.71	0.02390	0.012130	0.008454
3.21	0.01340	0.018969	0.004749
3.72	0.06330	0.028801	0.022402
4.39	0.03570	0.034271	0.012644
5.42	0.05190	0.062692	0.018360
6.76	0.19490	0.082838	0.068938
30  35
0.35	0.00020	0.002916	0.000116
0.45	-0.00560	0.002932	0.002032
0.55	-0.00010	0.003099	0.000032
0.69	0.00120	0.002468	0.000441
0.89	0.00410	0.002972	0.001433
1.09	0.00020	0.003611	0.000078
1.38	0.00940	0.003370	0.003332
1.76	0.00910	0.005138	0.003212
2.21	0.01840	0.007736	0.006494
2.71	0.02030	0.012322	0.007169
3.21	0.03860	0.019176	0.013672
3.72	0.01810	0.028891	0.006405
4.39	-0.03420	0.033960	0.012081
5.42	0.00310	0.061602	0.001097
6.75	0.07000	0.080911	0.024759
35  40
0.35	-0.00110	0.002699	0.000587
0.45	-0.00140	0.002723	0.000492
0.55	-0.00390	0.002883	0.001407
0.69	0.00290	0.002303	0.001050
0.89	-0.00690	0.002782	0.002448
1.09	0.00090	0.003390	0.000317
1.38	0.00800	0.003172	0.002830
1.76	0.00830	0.004851	0.002930
2.21	0.02180	0.007296	0.007706
2.71	0.00430	0.011582	0.001529
3.22	0.02710	0.017912	0.009585
3.72	0.05270	0.026811	0.018659
4.39	0.05960	0.031153	0.021077
5.42	0.01650	0.056155	0.005850
6.75	-0.00990	0.073873	0.003517
40  50
0.35	-0.00010	0.003658	0.000055
0.45	0.00060	0.003710	0.000202
0.55	-0.00120	0.003946	0.000427
0.69	0.00010	0.003169	0.000021
0.89	0.00170	0.003851	0.000598
1.09	0.00260	0.004707	0.000929
1.38	0.00540	0.004438	0.001904
1.76	0.01470	0.006804	0.005186
2.21	0.01790	0.010203	0.006335
2.71	0.01080	0.016120	0.003836
3.22	0.03360	0.024745	0.011876
3.72	-0.01180	0.036650	0.004183
4.40	-0.04210	0.042008	0.014877
5.42	0.14750	0.074478	0.052161
6.76	0.14080	0.097603	0.049791
