0  0.625  0.00939756  2.30705e-05
0  0.875  0.0121603  0.000387688
0  1.125  0.0140531  0.000469676
0  1.375  0.0157119  0.000601901
0  1.625  0.0163014  0.000887692
0  1.875  0.0148304  0.0013476
0  2.25  0.015708  0.00177085
0  2.75  0.0566613  0.00364486
0  3.5  -0.698078  0.000989402
0  4.5  0.0375162  1.76197e-09
1  0.625  0.0251016  0.00240254
1  0.875  0.0307148  0.000577744
1  1.125  0.0374008  0.000629755
1  1.375  0.0396991  0.000790143
1  1.625  0.0410431  0.00114526
1  1.875  0.0440191  0.00176351
1  2.25  0.0432179  0.00222979
1  2.75  -0.0806695  0.00349606
1  3.5  0.041392  0.0109844
1  4.5  -0.172947  0.0559181
2  0.625  0.0392125  0.00299096
2  0.875  0.0499372  0.00078323
2  1.125  0.0548728  0.000778637
2  1.375  0.0596835  0.000928339
2  1.625  0.0643885  0.00132395
2  1.875  0.0663824  0.00199183
2  2.25  0.063277  0.00247734
2  2.75  0.0636865  0.00518007
2  3.5  0.056631  0.00856873
2  4.5  0.0652494  0.0375285
3  0.625  0.0384514  0.00298842
3  0.875  0.047327  0.00196901
3  1.125  0.050037  0.00168494
3  1.375  0.0515891  0.00191635
3  1.625  0.0542676  0.0026022
3  1.875  0.0608295  0.00379001
3  2.25  0.0536608  0.00455465
3  2.75  0.0434384  0.00893327
3  3.5  0.0257886  0.0230139
3  4.5  0.0811959  0.0607684
