0  0.625  0.00750294  0.00223332
0  0.875  0.00673274  0.00136694
0  1.125  0.00765932  0.0008644
0  1.375  0.00428977  0.00213151
0  1.625  0.00634488  0.00268959
0  1.875  -0.000604026  0.00429724
0  2.25  -0.00193986  1.84849e-08
0  2.75  0.00271526  1.17312e-08
0  3.5  0.0298415  0.00645053
0  4.5  -0.771758  4.83738e-11
1  0.625  0.0238862  0.00143079
1  0.875  0.0213696  0.00152169
1  1.125  0.0233896  0.000703221
1  1.375  0.0195771  0.000870832
1  1.625  0.0232357  0.00136681
1  1.875  0.0231008  0.00818711
1  2.25  0.0331046  0.0287974
1  2.75  -0.0289706  0.672894
1  3.5  0.0105814  0
1  4.5  0.167226  0.0428885
2  0.625  0.0307298  0.00255428
2  0.875  0.0384759  0.001063
2  1.125  0.0422031  0.00128185
2  1.375  0.0448109  0.00170582
2  1.625  0.0494174  0.00248482
2  1.875  0.047822  0.00391998
2  2.25  0.121392  0.00465151
2  2.75  0.0366535  0.0169046
2  3.5  -0.667638  0.110697
2  4.5  0.747221  0.0387155
3  0.625  0.0217265  0.00457306
3  0.875  0.0694072  0.00349554
3  1.125  0.0525756  0.00397657
3  1.375  0.0473975  0.00508583
3  1.625  0.0450613  0.00711918
3  1.875  0.0390365  0.0103295
3  2.25  0.295899  0.00731255
3  2.75  0.0782487  0.0489138
3  3.5  0.0833852  0.0424677
3  4.5  -0.535916  6.41351e-09
