0  0.625  0.00469831  0.00171324
0  0.875  0.00374425  0.00153254
0  1.125  0.00582592  0.000356145
0  1.375  0.0048379  0.00200611
0  1.625  0.00527708  0.00151212
0  1.875  0.00671504  0.000848315
0  2.25  0.00779997  3.13541e-08
0  2.75  0.00437209  0.000259063
0  3.5  0.0155911  0.00514072
0  4.5  0.0398864  0.0270961
1  0.625  0.018596  0.00239339
1  0.875  0.0169192  0.00154853
1  1.125  0.0202021  0.000832502
1  1.375  0.0241025  0.0013857
1  1.625  0.0255771  0.0012654
1  1.875  0.021303  0.00192044
1  2.25  0.0204296  1.06354e-07
1  2.75  0.0126193  2.34131e-09
1  3.5  -0.0316407  0.0172888
1  4.5  -0.784409  0.000127313
2  0.625  0.0310102  0.00332448
2  0.875  0.0341699  0.00151675
2  1.125  0.0429215  0.00171972
2  1.375  0.0424817  0.00220391
2  1.625  0.0489153  0.00304638
2  1.875  0.101226  0.00342339
2  2.25  0.236679  0.00655121
2  2.75  0.0725471  0.0202429
2  3.5  0.0179379  0.00529752
2  4.5  -0.766292  0.0104576
3  0.625  0.0312608  0.0065869
3  0.875  0.0391803  0.00730613
3  1.125  0.0421245  0.005381
3  1.375  0.0469928  0.00684245
3  1.625  0.0451947  0.0098458
3  1.875  0.0621627  0.0143543
3  2.25  -0.153923  0.0122947
3  2.75  0.0494978  0.056547
3  3.5  -0.0152212  0.0570317
3  4.5  0.785398  0
