0  0.625  0.00762848  0.00176459
0  0.875  0.011376  0.000434193
0  1.125  0.0125374  0.00054688
0  1.375  0.0145297  0.000673629
0  1.625  0.0136504  0.00097048
0  1.875  0.0126234  0.00147291
0  2.25  0.0142474  0.0019126
0  2.75  0.0172882  0.00399893
0  3.5  -0.227541  0.083684
0  4.5  0.0350118  0.0264694
1  0.625  0.0254142  0.00160912
1  0.875  0.0329868  0.00065684
1  1.125  0.0370773  0.000707167
1  1.375  0.0399212  0.000872255
1  1.625  0.0442861  0.00124324
1  1.875  0.0416113  0.00191521
1  2.25  0.0404343  0.00242271
1  2.75  0.0413346  0.00511302
1  3.5  0.0472993  0.00866271
1  4.5  -0.732473  0.0178549
2  0.625  0.0412256  0.00337892
2  0.875  0.0497908  0.000887265
2  1.125  0.0555105  0.000858716
2  1.375  0.0616967  0.00101901
2  1.625  0.0648105  0.00142575
2  1.875  0.0656748  0.00213541
2  2.25  0.0668641  0.00266808
2  2.75  0.0586823  0.00555515
2  3.5  0.148025  0.00587131
2  4.5  -0.765006  0.00464802
3  0.625  0.0321343  0.00348042
3  0.875  0.0478621  0.00215518
3  1.125  0.0477769  0.00181639
3  1.375  0.0556058  0.00205382
3  1.625  0.0600948  0.00278514
3  1.875  0.0542298  0.00405541
3  2.25  0.0534174  0.00492039
3  2.75  0.0465006  0.00977335
3  3.5  0.782164  0.000107995
3  4.5  -0.776292  0.00120227
