0   0.625   0.00539445   0.000949669
0   0.875   0.00511185   0.000915168
0   1.125   0.00556463   0.000341213
0   1.375   0.00448501   0.000664279
0   1.625   0.00396948   0.00181573
0   1.875   0.00292417   0.00284954
0   2.25   0.00102958   1.47658e-06
0   2.75   0.0108936   2.46655e-09
0   3.5   0.020886   0.00413749
0   4.5   -0.655915   0.0786883
1   0.625   0.0230706   0.00161686
1   0.875   0.0190437   0.00133255
1   1.125   0.0211684   0.000464904
1   1.375   0.0211889   0.000581421
1   1.625   0.0260303   0.000817968
1   1.875   0.0274303   0.00157749
1   2.25   0.0192877   0.00207428
1   2.75   0.0638343   0.0049885
1   3.5   0.00450175   0.0101483
1   4.5   0.075192   2.55353e-05
2   0.625   0.0316803   0.000714394
2   0.875   0.0361869   0.000768598
2   1.125   0.0416548   0.000918009
2   1.375   0.0434301   0.00120953
2   1.625   0.0502105   0.00172827
2   1.875   0.0470121   0.00276935
2   2.25   0.0479061   0.00369112
2   2.75   0.0612667   0.00854378
2   3.5   0.0589588   0.0161219
2   4.5   -0.0106518   0.0513075
3   0.625   0.0234539   0.00362273
3   0.875   0.0402013   0.00275495
3   1.125   0.0473054   0.00290871
3   1.375   0.050542   0.00373216
3   1.625   0.0446437   0.00523185
3   1.875   0.0476837   0.00760199
3   2.25   0.0638977   0.00902183
3   2.75   0.0834202   0.0187777
3   3.5   -0.727567   0.00302021
3   4.5   0.0442924   0.107817
