0   6.292181663001936   0.0016603250266181517
1   0.0028736723924429053   2.7514772652614596e-05
2   0.3970302385486146   0.00020160551751302087
3   0.0029334239311599743   1.8465212665704745e-05
4   0.00922101347772593   3.244303460279915e-05
5   0.002971831294881857   1.4968368022353038e-05
6   0.022709002374930544   3.97303398307445e-05
7   0.0029599415486447427   1.2711218866290362e-05
8   0.0041937490085296415   1.4853358868054237e-05
9   0.002943058910528603   1.1202568083953422e-05
10   0.007719813782984847   1.8118263492422012e-05
11   0.0029644395040383494   1.0279030352818718e-05
12   0.003386416986666581   1.0695004725339425e-05
13   0.0029650464297602684   9.416073538058544e-06
14   0.005050861031004377   1.2336671940447402e-05
15   0.0029725621138002077   8.678221344658769e-06
16   0.0031987476094975423   9.0811047400362e-06
17   0.0029848382278888654   8.198049431380776e-06
18   0.004042488789528015   9.696605069077666e-06
19   0.002990148007974638   8.00567235386223e-06
20   0.0031327244125844075   8.087715055487134e-06
21   0.0030604377392555748   7.690044188092715e-06
22   0.003943893353612831   8.956469066429323e-06
23   0.0032773481369359897   7.99544344841322e-06
