0   11.780026742772108   0.0008605811717858987
1   0.003960252597508445   3.607689410643938e-05
2   0.015652543705185807   7.133589065676665e-05
3   0.004031018843553416   2.417208333094187e-05
4   0.01329855057488006   4.603355669812733e-05
5   0.004081537197851176   1.9442515928236735e-05
6   0.010390056509013859   3.3495764378351125e-05
7   0.004029620757888745   1.6622518650940817e-05
8   0.007677234959575533   2.4766365355517717e-05
9   0.004022944296023806   1.4588805893235422e-05
10   0.005579773779375151   1.7843839479608225e-05
11   0.004084257196283796   1.3602678701368502e-05
12   0.004458755841635856   1.3935972382917936e-05
13   0.004053897949119109   1.231189301011553e-05
14   0.0040692178947254135   1.2159896961366155e-05
15   0.004056273087486465   1.1345797015062844e-05
16   0.004158709793639022   1.147932997873913e-05
17   0.004085624093964264   1.084923013754708e-05
18   0.004384689229793278   1.1246071851481386e-05
19   0.004107161354965762   1.0496749395359204e-05
20   0.00454088149370894   1.124811773926927e-05
21   0.004149264085414609   1.0077635009591687e-05
22   0.004543477633394371   1.071712649244125e-05
23   0.0042377663803685765   9.943580184581572e-06
