0.296714   0.0322327   0.0014358
0.497041   0.0526635   0.00157542
0.697151   0.0712794   0.00172092
0.944152   0.094187   0.00155868
1.24444   0.114802   0.0017512
1.56846   0.130739   0.00181902
1.9662   0.147522   0.00180343
2.46438   0.160987   0.00184191
3.0892   0.165586   0.00181475
3.81692   0.166434   0.0019061
4.61738   0.158859   0.00190143
5.51839   0.155195   0.00187741
6.59186   0.141958   0.00174688
7.84182   0.125099   0.00175453
9.23655   0.120372   0.00171377
0.296714   0.0322077   0.0014358
0.497041   0.0526876   0.00157542
0.697151   0.0704674   0.00172092
0.944152   0.0935517   0.00155868
1.24444   0.114338   0.0017512
1.56846   0.130537   0.00181902
1.9662   0.146783   0.00180343
2.46438   0.16131   0.00184191
3.0892   0.164718   0.00181475
3.81692   0.166465   0.0019061
4.61738   0.159013   0.00190143
5.51839   0.154606   0.00187741
6.59186   0.141358   0.00174688
7.84182   0.126424   0.00175453
9.23655   0.121669   0.00171377
0.296714   0.0314872   0.0014358
0.497041   0.0535192   0.00157542
0.697151   0.0716333   0.00172092
0.944152   0.0942772   0.00155868
1.24444   0.113642   0.0017512
1.56846   0.130527   0.00181902
1.9662   0.147405   0.00180343
2.46438   0.161612   0.00184191
3.0892   0.164531   0.00181475
3.81692   0.164629   0.0019061
4.61738   0.158564   0.00190143
5.51839   0.155553   0.00187741
6.59186   0.140781   0.00174688
7.84182   0.125911   0.00175453
9.23655   0.122467   0.00171377
0.296714   0.0293113   0.0014358
0.497041   0.0550668   0.00157542
0.697151   0.0699478   0.00172092
0.944152   0.0935392   0.00155868
1.24444   0.113444   0.0017512
1.56846   0.130542   0.00181902
1.9662   0.146017   0.00180343
2.46438   0.164575   0.00184191
3.0892   0.16634   0.00181475
3.81692   0.165595   0.0019061
4.61738   0.156865   0.00190143
5.51839   0.152642   0.00187741
6.59186   0.137493   0.00174688
7.84182   0.127706   0.00175453
9.23655   0.121732   0.00171377
