0.296714   0.0231508   0.0014358
0.497041   0.0365033   0.00157542
0.697151   0.0463324   0.00172092
0.944152   0.0576834   0.00155868
1.24444   0.0779695   0.0017512
1.56846   0.0911975   0.00181902
1.9662   0.0971319   0.00180343
2.46438   0.104994   0.00184191
3.0892   0.101939   0.00181475
3.81692   0.0972784   0.0019061
4.61738   0.0936506   0.00190143
5.51839   0.0853441   0.00187741
6.59186   0.0777441   0.00174688
7.84182   0.0660265   0.00175453
9.23655   0.0542292   0.00171377
0.296714   0.023336   0.0014358
0.497041   0.0349865   0.00157542
0.697151   0.0438419   0.00172092
0.944152   0.0584792   0.00155868
1.24444   0.0794595   0.0017512
1.56846   0.091937   0.00181902
1.9662   0.0970745   0.00180343
2.46438   0.103681   0.00184191
3.0892   0.100678   0.00181475
3.81692   0.0966629   0.0019061
4.61738   0.0963636   0.00190143
5.51839   0.0857168   0.00187741
6.59186   0.079352   0.00174688
7.84182   0.0638504   0.00175453
9.23655   0.055014   0.00171377
0.296714   0.0233631   0.0014358
0.497041   0.034727   0.00157542
0.697151   0.040612   0.00172092
0.944152   0.057321   0.00155868
1.24444   0.0792141   0.0017512
1.56846   0.0904834   0.00181902
1.9662   0.0988935   0.00180343
2.46438   0.101977   0.00184191
3.0892   0.0980609   0.00181475
3.81692   0.0981192   0.0019061
4.61738   0.0955476   0.00190143
5.51839   0.0843132   0.00187741
6.59186   0.0801144   0.00174688
7.84182   0.0629364   0.00175453
9.23655   0.052793   0.00171377
0.296714   6257.68   0.0014358
0.497041   6247.61   0.00157542
0.697151   6442.54   0.00172092
0.944152   13413.6   0.00155868
1.24444   12262   0.0017512
1.56846   13822.8   0.00181902
1.9662   15334.4   0.00180343
2.46438   14947.6   0.00184191
3.0892   15444.4   0.00181475
3.81692   13619.3   0.0019061
4.61738   12839.8   0.00190143
5.51839   13173.4   0.00187741
6.59186   14184.1   0.00174688
7.84182   10397.6   0.00175453
9.23655   9079.68   0.00171377
