0   0.625   0   0   0   0
0   0.875   -1.68395   -2.45419   0.0150513   0.0289601
0   1.125   -0.0761449   -0.0269854   0.0156894   0.00598993
0   1.375   0.0172062   0.0101787   0.017287   0.004893
0   1.625   0.0278987   0.0106798   0.0184499   0.00489885
0   1.875   0.016511   0.00814735   0.0202277   0.00482795
0   2.25   0.0437011   0.0139454   0.014422   0.00484805
0   2.75   -0.00196236   -0.0130685   0.019984   0.00580152
0   3.5   -0.101184   -0.0368713   0.0241942   0.011365
0   4.5   -0.00712071   -0.158519   0.00523937   0.0355768
1   0.625   0.0557816   0.139449   0.0264528   0.0538325
1   0.875   -0.0900219   -0.0451028   0.0339805   0.0189851
1   1.125   -0.00899105   -0.018542   0.038853   0.0147461
1   1.375   0.0250972   0.0116656   0.0439914   0.0100048
1   1.625   0.0472084   0.0132389   0.0421105   0.00978304
1   1.875   0.0461741   0.0161035   0.0437506   0.0121154
1   2.25   0.0637385   0.0116013   0.0424876   0.00698438
1   2.75   0.0560493   0.0338627   0.0515867   0.0209405
1   3.5   -0.718835   -0.26728   0.0665252   0.0234361
1   4.5   -1.54201   -1.60997   0.834979   1.02518
2   0.625   -0.256899   -0.301904   0.039815   0.059232
2   0.875   -0.0613659   -0.0304411   0.0513504   0.0229198
2   1.125   0.0410936   0.0153708   0.0584801   0.0128072
2   1.375   0.0605629   0.0115492   0.0615402   0.00941121
2   1.625   0.0804758   0.0121935   0.0640185   0.00906326
2   1.875   0.0904967   0.012691   0.0641252   0.00878289
2   2.25   0.0828426   0.011778   0.0627329   0.00785784
2   2.75   0.124953   0.0247191   0.0648787   0.0135634
2   3.5   0.0908824   0.050562   0.04871   0.022204
2   4.5   0.75605   0   0.0298613   0
3   0.625   0.13606   0.158907   0.0322329   0.0484755
3   0.875   0.0573261   0.0361922   0.0468172   0.0248014
3   1.125   0.0200567   0.0190552   0.0489047   0.0145334
3   1.375   0.066597   0.0117379   0.0510499   0.00807904
3   1.625   0.0636828   0.0155488   0.0517645   0.00993909
3   1.875   0.0451495   0.0146033   0.0555836   0.00939192
3   2.25   0.0665581   0.0167381   0.0552071   0.00993487
3   2.75   0.0900833   0.0440897   0.0479914   0.0162006
3   3.5   0.0703475   0.0554991   0.0298469   0.0186967
3   4.5   0.143323   0   0.354913   0
