0  0  1  0  0  0  971  1190  1161  1001  840  1057  70  66
0  1  4  1  11  3  2960  3572  3550  3002  2469  3073  225  262
0  2  17  16  22  1  3836  4482  4492  3883  3092  3527  305  418
0  3  17  17  28  3  2832  3255  3286  2868  2018  2413  345  342
0  4  22  18  31  2  1613  1648  1696  1641  996  1057  247  217
0  5  15  6  25  0  754  827  870  757  402  446  119  123
0  6  11  21  31  4  693  681  729  713  258  312  141  122
0  7  5  9  11  3  202  224  240  214  79  115  47  27
0  8  7  5  8  4  86  108  123  96  20  51  26  15
0  9  0  0  6  2  17  23  26  23  5  7  4  3
1  0  0  3  0  1  676  897  904  673  624  809  26  40
1  1  6  5  4  1  2561  2888  2889  2577  2174  2506  170  140
1  2  17  7  21  5  3445  3963  3966  3493  2717  3217  318  275
1  3  31  31  37  6  2571  2784  2850  2615  1800  2014  296  246
1  4  36  28  46  6  1394  1613  1696  1429  817  945  183  220
1  5  25  24  23  3  794  963  1004  828  397  491  104  138
1  6  16  21  45  9  752  790  860  777  270  299  124  138
1  7  5  10  28  1  238  254  287  250  79  99  41  45
1  8  4  3  8  1  138  132  143  143  40  56  26  18
1  9  2  1  0  0  31  21  25  30  10  2  6  4
2  0  0  0  0  1  667  1003  1005  666  593  906  31  49
2  1  8  6  12  1  2745  3338  3377  2736  2292  2860  195  218
2  2  29  25  35  3  3878  4503  4582  3895  3031  3649  328  358
2  3  47  39  52  4  3232  3463  3579  3261  2207  2521  342  321
2  4  39  34  69  8  2041  2179  2299  2074  1151  1302  286  260
2  5  34  38  49  6  1118  1299  1389  1156  496  638  156  182
2  6  48  46  76  9  1158  1266  1396  1210  380  491  194  196
2  7  18  17  26  4  364  427  473  385  89  162  76  52
2  8  12  16  26  8  173  214  252  199  43  76  26  28
2  9  7  3  8  1  26  47  61  31  0  14  2  4
3  0  0  1  0  0  162  213  213  163  136  193  9  15
3  1  1  3  4  2  705  745  757  704  615  623  30  72
3  2  12  11  12  2  1157  1245  1271  1169  883  971  96  122
3  3  24  13  23  0  1029  1141  1187  1044  643  750  106  121
3  4  25  14  34  1  677  805  866  692  368  457  79  102
3  5  20  9  28  3  469  508  556  482  176  235  74  64
3  6  17  15  31  7  505  605  649  531  173  230  78  80
3  7  16  6  9  5  153  208  235  164  34  67  29  33
3  8  4  3  5  2  92  97  106  97  18  29  11  16
3  9  1  0  2  1  17  12  15  18  5  4  4  2
