0   0.625   0.00784111   9.90051e-05
0   0.875   0.0088279   0.000453499
0   1.125   0.0111281   0.000701181
0   1.375   0.0172764   0.00105555
0   1.625   0.0203843   0.00161056
0   1.875   0.0187538   0.0026358
0   2.25   0.0262919   0.00368811
0   2.75   0.00389001   0.00906664
0   3.5   -0.0541669   0.0125569
0   4.5   -0.000940673   0.0707785
1   0.625   0.0268841   0.000616395
1   0.875   0.0298273   0.000666724
1   1.125   0.0354356   0.000965287
1   1.375   0.0404671   0.00140175
1   1.625   0.0435342   0.00210846
1   1.875   0.0445863   0.00326648
1   2.25   0.054499   0.00425528
1   2.75   0.0534123   0.00982565
1   3.5   -0.382252   0.114444
1   4.5   0.042649   0.115755
2   0.625   0.0348698   0.00189331
2   0.875   0.044171   0.00095168
2   1.125   0.0562511   0.0012415
2   1.375   0.0612828   0.00167984
2   1.625   0.0702237   0.00237247
2   1.875   0.0778944   0.00353648
2   2.25   0.0745732   0.00435113
2   2.75   0.10264   0.00925665
2   3.5   0.0687921   0.0169995
2   4.5   0.75605   0.0157113
3   0.625   0.0383404   0.00324645
3   0.875   0.0481078   0.00254513
3   1.125   0.0431351   0.00285564
3   1.375   0.0589171   0.0035575
3   1.625   0.0571522   0.00479276
3   1.875   0.0495707   0.00673924
3   2.25   0.0622109   0.00782369
3   2.75   0.0750505   0.0238865
3   3.5   0.0529901   0.0263869
3   4.5   0.143323   0.0826085
