0   0   27295.2   0.000382149
0   1   88366.3   37.9613
0   2   108063   59.1064
0   3   71689.7   50.2681
0   4   33980.6   35.7971
0   5   14378.3   23.4203
0   6   8833.3   19.0025
0   7   1956.95   9.42254
0   8   693.39   9.46275
0   9   65.7358   1.12538
1   0   18059.2   2.00038
1   1   61062   40.436
1   2   77708.3   59.0099
1   3   53150.4   51.7015
1   4   25587   36.3015
1   5   10974.8   24.3303
1   6   6904.31   19.6304
1   7   1578.8   9.82003
1   8   573.022   6.06109
1   9   73.4209   2.3059
2   0   12947   51.262
2   1   47048.2   45.4423
2   2   64100.7   63.6058
2   3   45932.8   55.511
2   4   23045.7   39.8244
2   5   10231.5   26.7538
2   6   6683.31   21.9319
2   7   1585.31   10.9025
2   8   611.408   6.98726
2   9   81.0205   2.60134
3   0   2566.41   9.80232
3   1   10840.3   27.508
3   2   16873.6   36.7075
3   3   13044.9   32.692
3   4   7010.99   24.1382
3   5   3302.17   16.6805
3   6   2308.65   14.0705
3   7   609.807   7.27693
3   8   241.934   4.62745
3   9   5.68285   0.0462387
