0   0.625   0.00899843   0.00128674
0   0.875   0.0113981   0.000252996
0   1.125   0.0121113   0.000313032
0   1.375   0.0139288   0.00039631
0   1.625   0.0151475   0.000584678
0   1.875   0.0140237   0.000909496
0   2.25   0.0151143   0.00119028
0   2.75   0.0190419   0.00262848
0   3.5   0.0210378   0.00625333
0   4.5   0.114559   0.0118783
1   0.625   0.0266417   0.00119745
1   0.875   0.0308803   0.000391326
1   1.125   0.0360323   0.000428354
1   1.375   0.0391253   0.000539484
1   1.625   0.0422709   0.000782373
1   1.875   0.0427464   0.00121325
1   2.25   0.0414253   0.00155243
1   2.75   0.045059   0.00334792
1   3.5   0.046666   0.00570666
1   4.5   0.0409781   0.0170181
2   0.625   0.0396327   0.0016355
2   0.875   0.0489862   0.000542727
2   1.125   0.0552466   0.000540249
2   1.375   0.0604781   0.000652165
2   1.625   0.0644774   0.000925482
2   1.875   0.0660147   0.00138639
2   2.25   0.0645052   0.00174897
2   2.75   0.0622409   0.00366507
2   3.5   0.0616171   0.00606627
2   4.5   0.0719846   0.0169586
3   0.625   0.0380501   0.00213365
3   0.875   0.0473009   0.00137578
3   1.125   0.0487474   0.00117503
3   1.375   0.0530343   0.0013461
3   1.625   0.0565809   0.00184245
3   1.875   0.0582819   0.00269425
3   2.25   0.0536619   0.00326158
3   2.75   0.0415885   0.00645252
3   3.5   0.0505342   0.0102725
3   4.5   0.345067   0.00257844
