0   0   27927.9   91.5218
0   1   90968.9   43.692
0   2   111448   64.6541
0   3   74278.4   53.9452
0   4   35317.1   37.1856
0   5   14901.1   24.549
0   6   9179.95   19.6162
0   7   2054.2   9.56262
0   8   731.559   6.01901
0   9   88.1872   2.26911
1   0   19327.4   58.9637
1   1   66060.2   49.3277
1   2   85181.3   66.9745
1   3   58723.5   57.2505
1   4   28497.9   40.095
1   5   12238.2   26.4955
1   6   7673.19   21.1973
1   7   1770.98   10.3985
1   8   645.418   6.47972
1   9   81.5041   2.44772
2   0   14323.1   18.9875
2   1   53307.5   53.0963
2   2   73801   71.052
2   3   53596.9   61.8219
2   4   27168   44.1725
2   5   12109.3   29.174
2   6   7879.35   24.0767
2   7   1858.2   11.8858
2   8   715.509   7.53807
2   9   97.3707   2.86505
3   0   2827.74   10.9778
3   1   12229.7   29.7664
3   2   19106.8   39.5748
3   3   14934.2   35.2689
3   4   8099.57   26.107
3   5   3831.54   18.0032
3   6   2647.26   15.0883
3   7   677.999   7.7037
3   8   275.208   4.95478
3   9   14.5896   0
