0   0   3.05076   5.37293e-09
0   1   -95428.1   360848
0   2   4.49958   0.454249
0   3   -39.2249   43.1276
0   4   11.199   1
0   5   -57.8939   375.925
0   6   -11987.8   29048.5
0   7   -143.935   2.36311
0   8   3.05113   3.0169e-06
0   9   5.10454   0.000667343
1   0   5.393   1.13343
1   1   -357.849   529.843
1   2   2.09818   0.707107
1   3   1.51403   0.35188
1   4   2.65081   1.54824e-10
1   5   1.55184   1.39437e-07
1   6   -13.6441   40.9884
1   7   2410.56   1
1   8   0.649909   0.00211366
1   9   3.84942   0.00439874
2   0   2.65061   1.72188e-07
2   1   -27.5958   37.1635
2   2   1.05013   0.000293609
2   3   1.25008   3.20908e-11
2   4   5.45121   3.09755e-08
2   5   3.55224   6.69989e-05
2   6   5.05087   0.707107
2   7   2660.7   1
2   8   2410.56   1
2   9   14.9444   1
3   0   -166046   500222
3   1   15.2179   1.01099
3   2   -13.411   20.4919
3   3   1.65085   6.3651e-07
3   4   2085.48   1
3   5   14.9444   1
3   6   14.9444   1
3   7   14.9442   1
3   8   14.9442   1
3   9   14.9442   1
