1   0.008231359026354872   8.569736791561318e-05
2   0.034947746027997016   0.0001779109857713105
3   0.008798722017250274   4.987493718598545e-05
4   0.01137382417448035   5.7089178425370434e-05
5   0.00964994188688731   4.4852854666781286e-05
6   0.01013379678481726   4.12837808512026e-05
7   0.01001931974625486   3.850110363668127e-05
8   0.009929114323972844   3.564698600625971e-05
9   0.009979693743586988   3.416926368189793e-05
10   0.010025809127303682   3.2730173595897355e-05
11   0.009874039408947717   3.0514393337261287e-05
12   0.010312425764401086   3.0131096280805228e-05
13   0.010190740048920685   2.9093012017751175e-05
14   0.010094863388961008   2.79383936771983e-05
15   0.010191881786748689   2.6712339598342202e-05
16   0.010295764787338721   2.6066284921962235e-05
17   0.010374340211593802   2.5952277520021244e-05
18   0.0104900402891363   2.5592550032555758e-05
19   0.010427104746599875   2.4759386440054704e-05
20   0.010462669913026698   2.406120634359198e-05
21   0.010495219901172515   2.3378368611270876e-05
22   0.010944846824420705   2.445514332144763e-05
23   0.011083207232038017   2.3853784226165842e-05
