1   0.009039054914120364   0.00012962256481767524
2   0.376661805921723   0.0021680441004375906
3   0.01258902828968097   0.00015800912262138632
4   0.06225553767487557   0.00022007374266152905
5   0.009375911791413113   6.955387077826689e-05
6   0.01584055596114217   7.608808849003109e-05
7   0.00807147942358566   3.976932216017228e-05
8   0.00940133461253453   3.708486577752628e-05
9   0.007590338919757431   3.105243190747944e-05
10   0.00800110037648274   2.886896510553156e-05
11   0.0074363236607410425   2.7527459177213612e-05
12   0.007581970741269778   2.6307073660111492e-05
13   0.007444273484619876   2.5887004012764802e-05
14   0.007454609154134971   2.448457700926971e-05
15   0.007457267115552925   2.414156488937677e-05
16   0.007465366935334346   2.3759578755516707e-05
17   0.00744420377361901   2.3589772752403106e-05
18   0.007503984324461949   2.2949086591864724e-05
19   0.007469165459428546   2.276765991684749e-05
20   0.007519795512296971   2.2111757002524178e-05
21   0.0074892974979896   2.1765853635064584e-05
22   0.00782725885563614   2.2862756022792722e-05
23   0.007871528866071648   2.3238957567449094e-05
