0  0.625  0.00913586  0.00197176
0  0.875  0.0127351  0.000422418
0  1.125  0.0158339  0.000497935
0  1.375  0.0185892  0.000651982
0  1.625  0.0196605  0.000971635
0  1.875  0.0213976  0.00153482
0  2.25  0.0158874  0.00206374
0  2.75  0.017092  0.00472989
0  3.5  0.0242628  0.00872266
0  4.5  0.164743  0.0102504
1  0.625  0.0269551  0.00143516
1  0.875  0.0335093  0.000547118
1  1.125  0.0384945  0.000599254
1  1.375  0.0428689  0.000755051
1  1.625  0.0412411  0.00111292
1  1.875  0.043605  0.00172581
1  2.25  0.0418562  0.00224936
1  2.75  0.0580141  0.00495026
1  3.5  0.764686  0.0015272
1  4.5  0.0148837  0.0943374
2  0.625  0.040107  0.000845176
2  0.875  0.0513053  0.000678311
2  1.125  0.0589418  0.000685118
2  1.375  0.0620172  0.000833676
2  1.625  0.064505  0.00116021
2  1.875  0.0618359  0.00179728
2  2.25  0.0627252  0.00227009
2  2.75  0.0691238  0.00482641
2  3.5  0.0561483  0.0082863
2  4.5  0.124582  0.0373936
3  0.625  0.0439932  0.002466
3  0.875  0.0493196  0.0016057
3  1.125  0.0477432  0.00143861
3  1.375  0.0498828  0.00167733
3  1.625  0.0527294  0.00230897
3  1.875  0.059197  0.00336673
3  2.25  0.0561557  0.00407989
3  2.75  0.0536564  0.00816231
3  3.5  -0.733077  0
3  4.5  0.0591301  0.0623572
