0  0.625  0.00911345  0.00525017
0  0.875  0.00334586  0.00597716
0  1.125  0.0121094  0.00148597
0  1.375  0.0152446  0.00216075
0  1.625  0.0196122  0.00317922
0  1.875  0.0158464  0.00514117
0  2.25  -0.594112  0.0305681
0  2.75  -0.0215445  0.0173312
0  3.5  -0.00207551  0.039445
0  4.5  0.0140309  0.197229
1  0.625  0.0370723  0.00546473
1  0.875  0.0352584  0.00328253
1  1.125  0.0415632  0.00198812
1  1.375  0.0445257  0.00279157
1  1.625  0.0449328  0.0055536
1  1.875  0.0395265  0.00663683
1  2.25  0.748336  0.00406499
1  2.75  0.753363  9.1128e-10
1  3.5  0.0151595  6.46218e-08
1  4.5  -0.165634  0.233423
2  0.625  0.038219  0.00176753
2  0.875  0.045756  0.00205352
2  1.125  0.0579998  0.00254586
2  1.375  0.0544888  0.00336605
2  1.625  0.0692184  0.00475271
2  1.875  0.0869219  0.00712262
2  2.25  0.0626045  0.00876258
2  2.75  0.0695757  0.0183243
2  3.5  0.0190469  0.0235659
2  4.5  -0.057127  0.0971702
3  0.625  0.0422035  0.00691418
3  0.875  0.0475585  0.00722742
3  1.125  0.0419221  0.00566713
3  1.375  0.0784025  0.00689406
3  1.625  0.0590272  0.00932267
3  1.875  0.0419206  0.0199294
3  2.25  -0.349284  0.00911463
3  2.75  0.0548968  0.0509241
3  3.5  0.0417498  0.0833519
3  4.5  0.0260466  0.156975
