0  0.625  0.0115628  0.00132222
0  0.875  0.0135845  0.00046816
0  1.125  0.0154814  0.000551812
0  1.375  0.0152925  0.0007093
0  1.625  0.0174554  0.00105162
0  1.875  0.0196579  0.00166464
0  2.25  0.01309  0.00222852
0  2.75  0.0240869  0.0050723
0  3.5  0.00998767  0.00931327
0  4.5  0.00435031  0.029228
1  0.625  0.02831  0.00134833
1  0.875  0.0350996  0.000615069
1  1.125  0.038923  0.000653924
1  1.375  0.0449718  0.000818334
1  1.625  0.0431276  0.00119628
1  1.875  0.0433273  0.00186195
1  2.25  0.044482  0.00242025
1  2.75  0.0453596  0.00542319
1  3.5  0.0383597  0.0094825
1  4.5  0.767642  0.000897644
2  0.625  0.0322782  1.19036e-10
2  0.875  0.0504553  0.000748796
2  1.125  0.0575028  0.000736577
2  1.375  0.0607976  0.000890907
2  1.625  0.0644182  0.00125716
2  1.875  0.0688908  0.00192572
2  2.25  0.0632974  0.00243461
2  2.75  0.0659305  0.00520652
2  3.5  0.0538215  0.00890713
2  4.5  0.0638379  0.0408063
3  0.625  0.0738706  0.00193208
3  0.875  0.0454723  0.00173815
3  1.125  0.0499268  0.00152431
3  1.375  0.0527634  0.00177215
3  1.625  0.051883  0.0024482
3  1.875  0.0513831  0.00359873
3  2.25  0.054923  0.00436803
3  2.75  -0.389297  0.00480061
3  3.5  0.317065  0.00819248
3  4.5  -0.0334154  0.0390359
