0  0.625  0.0127657  0.00198861
0  0.875  0.0098536  0.000664586
0  1.125  0.0111945  0.000949179
0  1.375  0.0179457  0.00147247
0  1.625  0.0188871  0.0022028
0  1.875  0.0220143  0.00369925
0  2.25  0.0342209  0.00513426
0  2.75  0.133643  0.0133389
0  3.5  0.136636  0.0465327
0  4.5  -0.0375096  0.0822926
1  0.625  0.0248398  0.0036017
1  0.875  0.027572  0.00172446
1  1.125  0.0325841  0.00129709
1  1.375  0.0404029  0.00190606
1  1.625  0.0422839  0.00288001
1  1.875  0.0422402  0.00445124
1  2.25  0.0521066  0.0058068
1  2.75  0.00834531  0.00573818
1  3.5  0.119221  0.0273709
1  4.5  -0.00881805  0.0679507
2  0.625  0.037862  0.00168288
2  0.875  0.0441968  0.00123516
2  1.125  0.0553155  0.00163922
2  1.375  0.0638751  0.00225424
2  1.625  0.0718058  0.00318803
2  1.875  0.0757989  0.00479925
2  2.25  0.0756196  0.00586541
2  2.75  -0.740464  0.000941359
2  3.5  0.158793  0.0155861
2  4.5  0.0979416  0.126183
3  0.625  0.128957  0.00291038
3  0.875  0.0499683  0.00334675
3  1.125  0.0433783  0.00378602
3  1.375  0.0507938  0.00477912
3  1.625  0.0547534  0.0064581
3  1.875  0.0538916  0.00909695
3  2.25  0.0695076  0.010672
3  2.75  0.0677374  0.0334596
3  3.5  0.10904  0.0521058
3  4.5  -0.0535378  0.120476
