0   12.730254739464328   0.028819444725828695
1   0.010588117151850004   0.00013193394814007536
2   0.437189221603045   0.0023011264776419023
3   0.013602131385282169   0.0001590703639955347
4   0.06772295570622569   0.0002247272123513853
5   0.010102993293079994   7.067894430841666e-05
6   0.017057089998809685   7.778903700255385e-05
7   0.008638985190392376   4.0767098836870896e-05
8   0.01003122113230068   3.849339392696791e-05
9   0.008056607625801971   3.204019012031997e-05
10   0.008453139792244041   2.9524128918548536e-05
11   0.007819227204596697   2.812610321898596e-05
12   0.007942423561319769   2.701845934199129e-05
13   0.007764331684239061   2.6369530816762908e-05
14   0.007753295873765684   2.5029345993467035e-05
15   0.007715550010669842   2.4592849584817263e-05
16   0.007696833498842508   2.4059565022497012e-05
17   0.007654959223735288   2.389522600831813e-05
18   0.007707700386901642   2.325063582565997e-05
19   0.007645586539890668   2.3048629108808e-05
20   0.00768080697462624   2.235866512025658e-05
21   0.007638829002302009   2.2006831602937366e-05
22   0.007972227334141456   2.3084980909615525e-05
23   0.008008938098425   2.347220764088122e-05
