0   12.569811203459023   0.004656516231712017
1   0.010714598281890086   9.291426268920798e-05
2   0.03667899582433425   0.00017966352597098263
3   0.010142344323807409   5.2600018373141975e-05
4   0.012449580130733072   5.877936348414787e-05
5   0.010577150037473365   4.618822232676781e-05
6   0.010909273545001463   4.302278345025777e-05
7   0.01076100653988499   3.977950550791063e-05
8   0.010595526572028188   3.7219993054416094e-05
9   0.010556361927073224   3.5282125180426624e-05
10   0.010544410783968977   3.328632070797001e-05
11   0.010344056167535249   3.128423686870675e-05
12   0.010732568684979807   3.070163747233954e-05
13   0.010595529835425768   2.969590804542468e-05
14   0.010470573903001289   2.8373470189331295e-05
15   0.010528956876935605   2.7072712781454625e-05
16   0.010598210990080136   2.650110472574565e-05
17   0.010655151075653372   2.6202329490779164e-05
18   0.01073816346906751   2.572276161957779e-05
19   0.010663368270856038   2.4990373197267306e-05
20   0.010674635254695133   2.4296490953206253e-05
21   0.010697372572728365   2.3555476802151974e-05
22   0.011137495977428396   2.46244247767913e-05
23   0.01127885799376684   2.3980137042383823e-05
