0   0.625   -0.32134   0.200237
0   0.875   -0.274152   0.0831127
0   1.125   -0.322956   0.0476527
0   1.375   -0.214574   0.0299784
0   1.625   -0.172265   0.0256168
0   1.875   -0.139215   0.0303963
0   2.25   -0.0667597   0.0178032
0   2.75   0.00357268   0.0311579
0   3.5   0.0201317   0.0265399
0   4.5   0.0242766   0.0433856
1   0.625   -0.191008   0.0794591
1   0.875   -0.0302572   0.176675
1   1.125   -0.054667   0.0724216
1   1.375   -0.0663262   0.0488384
1   1.625   -0.0886848   0.0395405
1   1.875   -0.0717387   0.0514614
1   2.25   -0.0337233   0.0266784
1   2.75   -0.00111164   0.0427973
1   3.5   0.202023   0.084718
1   4.5   2.27572   1.0008
2   0.625   0.153527   0.0695669
2   0.875   0.152983   0.262449
2   1.125   0.128583   0.0874929
2   1.375   0.140561   0.0574066
2   1.625   0.07384   0.0332409
2   1.875   0.0636787   0.0374509
2   2.25   0.0495541   0.0211019
2   2.75   0.0333253   0.027155
2   3.5   0.0725802   0.0508571
2   4.5   -0.727114   0
3   0.625   -0.561949   0.215865
3   0.875   0.297554   0.592671
3   1.125   -0.0344061   0.0974093
3   1.375   0.0080838   0.0542344
3   1.625   -0.0162154   0.0535886
3   1.875   0.0310814   0.0380742
3   2.25   -0.016122   0.037205
3   2.75   0.0392003   0.0382328
3   3.5   -0.109187   0.0788998
3   4.5   0.841101   0.326524
