1   0.0104239   0.000970314
2   0.0369406   0.00336294
3   0.01804   0.00114361
4   0.0310171   0.00223193
5   0.0153269   0.000806947
6   0.0248984   0.0014231
7   0.0149602   0.000702592
8   0.0208608   0.00132251
9   0.0142161   0.000572501
10   0.016953   0.000931819
11   0.0134536   0.000462365
12   0.0149597   0.000739956
13   0.0130836   0.000497005
14   0.0126472   0.000397876
15   0.0123767   0.000364149
16   0.0124267   0.000361713
17   0.011499   0.000339256
18   0.0119908   0.000301061
19   0.011939   0.000303742
20   0.0119409   0.000321995
21   0.011185   0.000346533
22   0.0116414   0.000326902
23   0.0110825   0.000333445
