1   0.011913   0.00110893
2   0.0422178   0.00384337
3   0.0206172   0.00130699
4   0.0354481   0.00255078
5   0.0175165   0.000922225
6   0.0284553   0.0016264
7   0.0170973   0.000802963
8   0.0238409   0.00151145
9   0.0162469   0.000654287
10   0.0193749   0.00106494
11   0.0153755   0.000528417
12   0.0170968   0.000845664
13   0.0149527   0.000568005
14   0.014454   0.000454716
15   0.0141448   0.00041617
16   0.0142019   0.000413387
17   0.0131417   0.000387722
18   0.0137037   0.000344069
19   0.0136446   0.000347133
20   0.0136467   0.000367994
21   0.0127829   0.000396038
22   0.0133044   0.000373602
23   0.0126657   0.00038108
