1   0.00446738   0.000415849
2   0.0158317   0.00144126
3   0.00773144   0.00049012
4   0.013293   0.000956542
5   0.00656869   0.000345834
6   0.0106707   0.0006099
7   0.00641151   0.000301111
8   0.00894035   0.000566792
9   0.00609259   0.000245358
10   0.00726557   0.000399351
11   0.00576581   0.000198156
12   0.00641129   0.000317124
13   0.00560725   0.000213002
14   0.00542024   0.000170518
15   0.00530429   0.000156064
16   0.00532573   0.00015502
17   0.00492815   0.000145396
18   0.0051389   0.000129026
19   0.00511671   0.000130175
20   0.00511751   0.000137998
21   0.00479358   0.000148514
22   0.00498916   0.000140101
23   0.00474964   0.000142905
