1   0.00893476   0.000831698
2   0.0316634   0.00288252
3   0.0154629   0.00098024
4   0.0265861   0.00191308
5   0.0131374   0.000691669
6   0.0213415   0.0012198
7   0.012823   0.000602222
8   0.0178807   0.00113358
9   0.0121852   0.000490715
10   0.0145311   0.000798702
11   0.0115316   0.000396313
12   0.0128226   0.000634248
13   0.0112145   0.000426004
14   0.0108405   0.000341037
15   0.0106086   0.000312128
16   0.0106515   0.00031004
17   0.0098563   0.000290791
18   0.0102778   0.000258052
19   0.0102334   0.00026035
20   0.010235   0.000275996
21   0.00958715   0.000297028
22   0.00997831   0.000280201
23   0.00949927   0.00028581
