1   0.0059565   0.000554465
2   0.0211089   0.00192168
3   0.0103086   0.000653493
4   0.017724   0.00127539
5   0.00875825   0.000461113
6   0.0142276   0.0008132
7   0.00854867   0.000401481
8   0.0119205   0.000755723
9   0.00812346   0.000327143
10   0.00968743   0.000532468
11   0.00768775   0.000264208
12   0.00854839   0.000422832
13   0.00747634   0.000284003
14   0.00722698   0.000227358
15   0.00707239   0.000208085
16   0.00710097   0.000206693
17   0.00657087   0.000193861
18   0.00685187   0.000172035
19   0.00682228   0.000173567
20   0.00682335   0.000183997
21   0.00639143   0.000198019
22   0.00665221   0.000186801
23   0.00633285   0.00019054
