1   0.00744563   0.000693082
2   0.0263861   0.0024021
3   0.0128857   0.000816866
4   0.022155   0.00159424
5   0.0109478   0.000576391
6   0.0177846   0.0010165
7   0.0106858   0.000501852
8   0.0149006   0.000944653
9   0.0101543   0.000408929
10   0.0121093   0.000665585
11   0.00960969   0.00033026
12   0.0106855   0.00052854
13   0.00934542   0.000355003
14   0.00903373   0.000284197
15   0.00884048   0.000260106
16   0.00887621   0.000258367
17   0.00821358   0.000242326
18   0.00856483   0.000215043
19   0.00852786   0.000216958
20   0.00852919   0.000229996
21   0.00798929   0.000247524
22   0.00831526   0.000233501
23   0.00791606   0.000238175
