1   0.00297825   0.000277233
2   0.0105545   0.000960841
3   0.00515429   0.000326747
4   0.00886202   0.000637694
5   0.00437912   0.000230556
6   0.00711382   0.0004066
7   0.00427434   0.000200741
8   0.00596023   0.000377861
9   0.00406173   0.000163572
10   0.00484372   0.000266234
11   0.00384387   0.000132104
12   0.0042742   0.000211416
13   0.00373817   0.000142001
14   0.00361349   0.000113679
15   0.00353619   0.000104043
16   0.00355048   0.000103347
17   0.00328543   9.69304e-05
18   0.00342593   8.60173e-05
19   0.00341114   8.67833e-05
20   0.00341168   9.19985e-05
21   0.00319572   9.90094e-05
22   0.0033261   9.34004e-05
23   0.00316642   9.52701e-05
